10,13
10,303
10,177
10,27
10,279
10,2
10,3
9,5
9,1
9,7
9,2
9,3
8,11
8,10
8,14
8,5
8,6
8,7
8,2
8,3
47,3
47,1
26,3
26,1
21,3
21,2
21,1
21,0
20,3
20,2
20,1
19,3
19,2
19,1
12,3
12,2
12,1
11,29
11,28
11,27
11,26
11,25
11,24
11,23
11,22
11,21
11,20
11,19
11,18
11,17
11,16
11,15
11,14
11,13
11,12
11,11
11,10
11,9
11,8
11,7
11,6
11,5
11,4
11,3
11,2
11,1
10,311
10,307
10,302
10,298
10,296
10,289
10,287
18,1
10,284
18,3
10,275
10,272
10,270
10,267
10,266
10,262
14,1
10,261
14,3
10,260
13,1
10,257
13,3
10,249
10,239
10,238
10,232
10,230
10,223
10,222
10,219
10,210
10,208
10,203
10,194
10,190
10,188
10,187
10,184
10,181
10,180
